THEORY
* Individual 		: A candidate solution to the problem
* Chromosomes 		: Properties of an individual which change during evolution
* Fitness Function 	: Objective function which needs to be optimized
* Generation		: An iteration in the evolution of the process where the fittest 
					  individuals' genome is modified (recombined and mutated) to produce 
					  a new offspring (individual) for the next generation 

IMPLEMENTATION
* set Depth in ComputerPlayer
* Change the constructor for Evaluate from ComputerPlayer -> Search

RUNS
1. 20 100 [-49.61295012335467 -34.209253730310635 33.30334589465522 -9.778365492447591 -0.41776170442567206 -20.278842640008904 -66.66520543743252 36.85699778939335 -61.923394092358606 98.95802389285936 71.59342010236179 71.84542613265629 38.28759360848687 -9.707639479692759 85.67759740231233 58.69523270906848 46.13852649758658 -72.66707155906242 -19.093051747474973 -31.00427235376766 -15.08498567848416 23.128867251855638 70.49548400275543 19.56520663038559 -8.101469816379677 2.154308107100178 14.235062529624415 -83.01727782836906 24.68288685942437 -42.00459378312429 -43.317369351856215 -26.059710354499586 79.92890772696413 -32.874741210153175 -96.72901787533677 92.45341324309805 18.44777210446027 -85.55890029702738 -42.54669963588134 51.14786230258511 -28.56982728121939 26.521349907098994 -99.60358447499662 -15.788571485187646 -24.22292627864337 -1.3839115492255303 43.96084061503868 33.023850865787296 -92.82102740817623 41.15500423816735 20.674109798086505 70.38420376738912 -63.41672952129691 91.57320107749379 5.128839829073854 -47.97382476652376 86.6685984457842 3.89562130761567 39.42752778155369 -25.859894750835096 38.48517173047239 -28.322771705188202 58.84878552130414 4.135675253356453 70.56885160962426 3.4302600625302233 0.6977896108165282 90.6622368074521 -7.64387862239586 78.27401007982391 -81.64928735366686 12.993517350175438 -77.50992013254992 -33.81392140583273 47.07414240192375 -9.284896425644831 -68.5255319362517 94.13902717106399 1.9152747642037298 80.03012759575856 -55.17903826337827 71.25536949194583 -91.24092653689593 -67.87525520827961 77.14819966626166 -87.96813274149036 7.301374375399149 66.90138948365646 57.58739798086589 66.62212437098589 9.371638434267197 90.5096891256178 -94.88531814747108 43.14204860301464 -51.27878064845495 -49.162483102646746 48.929231367768665 -3.1296991967945758 -47.04345971764041 89.06537177823284 94.14147700871263 96.10202529685333 50.82359218238415 -19.93873962208032 61.35716099776246 -54.38516882049817 -98.82005281178752 37.2078183010793 -64.90779901582252 -4.890868655244617 -78.56051161706957 -97.01400363606723 75.49295476595876 73.12360928170958 10.535482939099495 -71.01160750256403 38.687520614077755 -34.82848371147216 43.28191213259112 29.444071385761248 -75.51653040019733 68.63975031884695 -22.753964622382313 3.014287598092679 25.882399106767878 -8.115010777168791 77.61297645403346 -3.895734846536513 42.51064278287521 -85.68076809049833 -43.48110995703005 -16.328867863076525 -28.932160193889644 -69.83284682696936 34.29294750174358 -10.099468845796892 81.15342201185427 -48.63430617733451 -57.13237261110733 95.72678251152203 43.666206742267946 79.67560813275918 -34.457955303800205 -5.392427526713632 70.03239973805742 -25.39630954434911 -66.42154563803044 20.25344907081319 5.5274340151168815 80.97997905765098 96.65419009227222 22.44881739156817 12.756127877821527 18.178959469617382 -80.94030922886681 80.125967079715 21.987871108084406 43.024109026756264 -26.690018990565363 92.19552655117946 13.738824125054123 -38.866679191386865 9.264589475410816 -36.08502011026229 76.99117074028652 -55.13317915204663 -69.43538631780652 -55.15967995259903 39.4240382580239 -28.089876855213376 1.5518552901756948 95.44286458316037 -81.31534863383646 45.06058025198888 -28.783448907808392 87.4582478652919 -67.33312766164417 -54.345986233821606 -86.01491982005615 -95.89103909643728 -10.93835639017297 -99.67757946567642 36.64824120883475 5.963103704720481 -67.78361708466869 -1.0748527709554736 47.92166015505751 -51.16986222373876 85.52667944161107 -12.620536839051383 82.74208836705975 75.47711208435626 -77.98908976759733 -31.347378644642504 51.96938324814249 -12.578995815034787 3.6368076188900744 99.01551884578109 19.898330945822963 17.2300697360712 81.67059257904435 28.5033291266206 3.3561615137292335 -93.13365839029359 51.57698114792967 -90.43589381848854 -68.38909361558862 80.34355285363355 -12.126955172957764 17.782816771839947 -20.800333360482753 -48.45496615497255 -78.67676967371015 -67.1278255181184 -49.55144104505172 64.2628803623775 50.63366292437547 72.78495365677014 23.465833829353414 26.590945709768008 69.54837691642172 -56.856530469561875 47.49882335386806 -30.716801148837476 2.6018379121770465 90.27856990517259 -16.01923446027058 -77.63365600856014 -84.99827372612359 -69.03164931919378 0.9753950077297588 -41.22014983477307 -52.61414800632376 72.63529920242024 51.81792422625361 -6.562195741933479 -11.081538055868464 -65.68736636170844 65.5509054046831 47.07303800969228 -77.12636005988011 39.689505875123814 -74.6085590581609 72.42396021136636 30.472353754589534 2.376782751753126 -1.4447885205309206 13.592866170254254 7.531301706736855 58.79576683347122 -53.69810045745189 -26.10801882990188 13.802566670322577 -10.31356353083794 -21.163231770791597 25.648887272294687 56.32446684342588 67.80526079842153 -53.50897313015934 40.68621140285788 37.480545716661624 -53.77173903348218 -57.38353767006252 -19.504695658095102 1.0328034008541493 -75.5407181831602 64.53910661778843 97.74968179216035 -94.03035572990628 -62.51207358909443 58.562188445835204 95.83995654107164 -47.54214736580171 -66.36895885249743 41.71167387663138 -87.92312353876608 37.621600073874816 -77.59240180944755 28.070575067455792 89.90567625438646 -72.97941770155177 34.469100041888 58.28976125918467 36.87413923204616 78.84867864114406 71.24595204972536 72.70948571530687 -94.70262769037659 59.73956285959258 -11.754026382676443 -71.71876059616949 5.7384749734155065 -73.14282605031389 90.50379709539246 -97.84892417625377 -70.71003593902378 -93.04581946920119 89.84562418243235 20.04841181544296 23.217220313240205 -45.86082155762112 82.39015170886435 33.33934180598712 -9.3540559627384 36.55408002280382 83.50973459775724 77.77590182100613 -55.103407815074725 -29.089015028086166 79.84204370534769 73.38860166092971 -12.971481131114217 31.385542857657384 -46.22477345094873 -83.51757700664722 55.96107306074936 39.0160578639111 31.796497316357005 -65.46383845925148 46.134483663930524 60.512851336490655 -16.40770412994057 -34.4106662346132 -27.891577879748894 -5.251971894089905 -75.2976058222058 -27.111992093609643 -71.04244130468146 13.569302328202795 16.926904085894236 -71.46045443255602 66.74387300907406 76.26705351536722 19.67871762398954 -22.109901756265614 -91.86370707604176 -18.046633164726416 44.24101377638698 91.05093613366833 -51.89079945574642 1.4071318375298034 49.11590672067737 -90.7739845520146 84.31815848158385 80.12639630264755 31.59825727987092 -84.84749927311421 -14.773221944127599 -4.748523447304919 -72.72648100952338 24.616098781244105 75.21358590172912 -21.306952569220442 3.4003080938027637 -58.54077836731033 -23.00477030919228 66.9553170259581 -9.633163653789651 60.67272065844486 25.227432001258805 -40.59269156802641 -65.54071468137599 -80.09272837894628 91.90328272787414 48.08755310482417 -8.25114292398439 -66.03506491998186 -96.43273643240462 -16.273505381065576 -8.478338770069385 67.99353320462566 88.51332539041897 63.27393571911563 -86.56851954430043 -36.240982288798506 65.8434240604106 -39.842316428631165 3.071110393958932 17.839625279424027 -49.79579794348952 -49.24221737668433 -31.54003234440313 62.50100502809232 -54.979894684141726 -24.02309368064482 55.15410204682502 -22.244226385664106 -69.0020135012876 55.6222994069025 -65.95198640772395 -64.68488113837863 -66.23085811395399 29.03805348274355 -1.2336720490364428 -19.484648964329423 -57.210042083503176 -37.3069331863223 -60.18006047577107 75.21656250647155 23.230517952636916 79.27790554541863 -33.70921449342332 -34.91607509735255 -11.015504449781105 -54.610742837092396 -85.17904479337919 -20.468232346461917 59.76652821579603 -51.79965555688526 3.899367323689674 73.7468050606243 79.7200849094817 66.38100011696329 60.07236193287383 -91.21768727039252 -91.10668306423706 -10.155191019343235 -62.92102082635622 -44.66286580502936 -48.413279904953946 -36.70882047722719 95.1829399119317 21.577656234847893 79.04158120356112 24.31488877093078 -63.361503556753384 22.027912607250656 -26.02275949164283 -21.110651616053673 -58.80826818747573 -61.87031128846594 -55.956692040974175 -17.167885656136434 -94.0631534910261 -65.79451646045769 -45.115327005502714 32.12358345571485 -21.077952275763437 7.642072681052298 -48.73078880101034 11.871030384957692 -30.483207094589787 -42.04970603478904 28.681074320868646 59.610238625616034 87.22769468533261 -84.91115733753021 62.54410616598133 61.642860445827665 -49.64405187410685 -45.28956137310243 83.64361897513513 15.811273110594783 46.68846627771629 -26.72368284553302 23.646138980604107 7.000365857627571 65.83041424477898 75.80156418392616 -42.86583605512264 -95.09589194599965 75.38988839394452 56.461431317467145 -27.66707315047701 41.68311754754987 66.16314398707877 24.041376860741252 -28.66119317171554 8.543930460629468 76.73345222195147 -85.07639263603937 -4.039717934441029 68.81022425873599 -60.12618480742946 -16.289880564444672 -34.237960245327486 97.59047705071114 59.452391785739536 90.54606578201069 -86.13576461794557 -72.21684043036582 -91.07869580523646 -27.710080262147827 -2.3999316948512472 -37.49655999108068 -15.303309090653741 -91.68574838753835 -58.68978036141226 33.48664088637554 -70.48725308083618 48.39752153420861 5.749938632445321 -37.87541850570422 69.81397657210425 86.37005810964095 -88.1276271661042 -30.420914261937455 -91.5264616394437 20.5423698463175 -48.726816393872575 9.991539763285616 97.25382430399335 -86.00156051842207 -50.206639947111206 -11.728626408678664 31.692182127008778 22.60412138625057 17.298059318240888 -38.38236885667064 25.061598463088572 72.00516760531909 20.704878738678033 38.17930901183854 71.05084493210538 55.08947020674694 17.60958144369289 98.8620880704047 -12.055498909588366 62.178125846460915 80.90697713264308 -62.16530720214153 47.22521619812409 11.619969538689958 -61.17339236950754 -1.8135259170393425 -32.454901368380405 -87.09518519736442 73.8650426228109 70.6933443443578 36.21489859426259 -8.589017280450577 41.92148722655352 65.68084496244967 -27.620265901254214 72.28454166355095 15.030405260698629 44.001574413224546 40.33598201933438 -7.814450171572318 -34.688730487305605 -92.40680363894973 -69.50470138948612 16.312953353245092 46.51867802948442 64.25862574169244 -12.553121243137781 40.730183908583996 19.604415455794168 50.25994897420193 -35.605618028660714 69.03794387385636 -42.77124590140684 41.06426504182349 1.8227205224748104 -75.21521312382507 9.667144857040526 -60.8002826222529 -51.030094130681206 -86.20349306256745 8.733123941008273 41.54775199905973 -65.64359645426279 21.521219889540816 -71.00977423017227 -38.50870875870924 -78.50537929899228 -90.52816682315733 -66.5924685776613 -59.22262353081005 39.48142308398309 3.5438776618630214 31.10092222840447 79.58094710242835 -50.10783779950862 50.75832434880351 3.811453165915708 -46.816055411568435 99.20352417688835 -49.98289406603711 41.96401558214211 73.49096047770348 -78.51446156435655 -85.35182113918304 -38.715558355468005 11.936482889484836 -36.107236389138286 -27.731012601368548 28.663630102233924 -85.64700186980497 -5.1786660683765575 -35.89805363293743 -71.4079842201749 -76.74156575147701 54.06803516731921 75.20199061912632 -7.779714201200022 50.155046891694866 -90.67362871509785 -16.020388647340297 -94.32317592725626 -81.63199452375885 99.82615946332268 -0.908308806649714 43.1815119840968 -14.890213883683984 21.68385668203703 -72.96912033852105 -84.43998580756991 -80.93160123927572 -12.31473025235313 -89.10515554106438 -38.93440833182946 -29.24546012487245 15.601934045168903 -67.77979011633748 52.53784593266485 79.72192930047578 -94.75629012163576 -17.396422235211404 -79.15825652761497 -14.47771891442946 -31.33881353481833 -82.60412177396029 2.582718775477261 49.41707661826655 12.566618951699326 -9.797205240557076 67.76425249234629 56.521983957835346 54.111607631237916 -37.78500703288685 -51.34565274207723 50.88288757167666 -16.89432080892452 32.571007542434785 -27.816382372712624 -35.30457787336529 -64.95858763062697 85.34945250365814 37.26612249487428]
